RMSE: 14.500538904434299
MAE: 10.584492995330221
R2: 0.37777204332180203
